"lat" "lon" "pm10"
50.0420036111111 14.4118261111111 23.1
50.0942383333333 14.4420488888889 35.8
50.1221886111111 14.4675780555556 19.1
50.0723877777778 14.4306727777778 32.3
50.0073052777778 14.4459333333333 30.3
50.0622977777778 14.53782 30.4
50.0880661111111 14.4292202777778 30.2
50.0304183333333 14.3095169444444 33.7
50.0814819444444 14.4426916666667 23.4
50.0731352777778 14.3981408333333 31.7
50.0751494444444 14.4726611111111 NA
50.0461311111111 14.3314133333333 25.8
50.1265297222222 14.3846388888889 31.2
50.0700530555556 14.4088611111111 39.7
50.0974616666667 14.3525666666667 30.7
50.0664291666667 14.4461516666667 37.5
50.1110802777778 14.5030955555556 27.4
49.9579277777778 14.0583 30.5
50.1898002777778 14.6604547222222 28.8
50.1545944444444 14.1898919444444 NA
50.1671141666667 14.1749497222222 NA
50.14386 14.1017838888889 24
50.1674116666667 14.1060475 47
50.0171508333333 15.2066297222222 25.4
49.9613 15.2731275 23.3
50.4286461111111 14.9138594444444 28.9
49.6849441666667 14.00774 25.3
50.2956580555556 15.1691083333333 NA
50.1705855555556 14.1905716666667 NA
48.9519005555556 14.4699163888889 21.4
48.9843863888889 14.4656838888889 18.4
48.9659041666667 14.5087919444444 23.3
49.0684355555556 13.6148013888889 6.4
49.0160866666667 14.0004444444444 19.7
49.4112319444444 14.6763886111111 32.7
49.1466713888889 14.1716672222222 25.9
49.4006080555556 13.2869233333333 25.4
49.722 13.6185377777778 22
49.7324486111111 13.4022808333333 27.1
49.7324486111111 13.4022808333333 NA
49.7283936111111 13.3755397222222 27.8
49.7473297222222 13.3810386111111 25.6
49.7701263888889 13.3682213888889 27.4
49.7617875 13.3816136111111 24
49.7459908333333 13.3207483333333 26.9
49.7686158333333 13.4233808333333 20.1
49.7324447222222 13.4023133333333 24
49.5525627777778 13.0674325 27.9
50.080555 12.3786105555556 26.6
50.0658608333333 12.3634425 14.6
50.2301636111111 12.8657111111111 28.1
50.1728247222222 12.6728180555556 16.5
50.4675291666667 13.4126958333333 24.5
50.7741508333333 14.2187938888889 34.9
50.4588547222222 14.1701622222222 27.5
50.4110488888889 13.4302386111111 25.4
50.5580558333333 13.8644858333333 24.4
50.6966705555555 13.8476916666667 37.1
50.5857658333333 13.6734180555556 37.8
50.4002188888889 14.3485394444444 22.2
50.5408975 14.1194086111111 25.7
50.4275894444444 13.1301430555556 13.2
50.4288902777778 13.7493944444444 29
50.5103644444444 13.6452722222222 34.7
50.4375266666667 13.186325 15.2
50.5798338888889 13.4195061111111 13.8
50.1698302777778 13.4827088888889 23.2
50.7894438888889 14.0867986111111 19.5
50.6452788888889 13.8512497222222 24.2
50.3765869444444 13.3276225 24.3
50.6647836111111 14.0266925 NA
50.6831244444444 13.9978733333333 37.7
50.683525 14.041195 24.3
50.6610947222222 14.0430630555556 28.3
50.97501 14.51299 18.2
50.3207052777778 13.5469236111111 NA
50.6980438888889 14.537345 24.9
50.9382172222222 15.0802880555556 16.9
50.8199538888889 15.3444852777778 13.1
50.7273636111111 15.1621561111111 22.7
50.7649383333333 15.0538969444444 26
50.7533341666667 15.0825005555556 NA
50.6245536111111 15.0784769444444 22.2
50.7896461111111 15.3196830555556 13.3
50.7422219444444 15.2924994444444 17.6
50.7384644444444 15.3029061111111 24.5
50.1953622222222 15.8463763888889 28.6
50.2117005555556 15.8141488888889 NA
50.2185325 15.8570061111111 23.8
50.4394988888889 15.3526411111111 21.6
50.3502769444444 16.3225002777778 NA
50.1723822222222 16.2682380555556 NA
50.3280105555556 16.3834591666667 20.5
50.5818138888889 15.8939561111111 22.9
50.3542136111111 15.8385352777778 25.1
49.7581213888889 16.6518019444444 24.6
50.0240363888889 15.7635488888889 29.9
50.0615386111111 15.8504744444444 22.1
49.7522202777778 16.4747219444444 24.9
49.7350844444444 16.0341969444444 14.7
49.9697227777778 16.3972225 37.6
49.9803544444444 16.4221230555556 19.6
49.6055563888889 15.5791675 19.6
49.4016686111111 15.6099080555556 18.3
49.3933333333333 15.5924997222222 32.1
49.5733947222222 15.0802783333333 17.9
49.3835983333333 16.0986155555556 16.5
49.2234383333333 15.8657780555556 24.2
49.5597227777778 15.9430561111111 29
49.2160872222222 16.6138363888889 31.6
49.1652602777778 16.5808125 35.4
49.2081602777778 16.6425172222222 40.6
49.1896208333333 16.5695380555556 32
49.1858825 16.6136608333333 38.7
49.1888886111111 16.6269436111111 28.5
49.2054597222222 16.5972691666667 35.1
49.2555427777778 16.6204966666667 22.5
49.2164725 16.5677605555556 28.3
49.213215 16.6779575 31
49.1980897222222 16.5936430555556 30
49.1489716666667 16.6962166666667 24.5
48.8572236111111 17.1333333333333 27.8
48.8813552777778 16.0858172222222 22.7
49.0687486111111 17.0707263888889 27.6
48.7917672222222 16.7244969444444 22.4
49.2809638888889 16.9796238888889 21.1
48.8429566666667 16.0601272222222 24.6
49.5870819444444 17.8042202777778 NA
49.931965 16.9607733333333 28
50.2422408333333 17.1901797222222 17.2
49.6016425 17.2378369444444 37.7
49.6016425 17.2378369444444 38.2
49.592865 17.2660941666667 27.8
49.4516563888889 17.4541588888889 31.9
49.4678572222222 17.114725 32.5
49.9633330555556 16.9685994444444 39.8
49.0679511111111 17.4668483333333 34.7
49.3444480555556 17.9960116666667 22.2
49.2329063888889 17.6671752777778 25
49.2233886111111 17.6615830555556 30.3
49.5026091666667 18.5385608333333 16.6
49.9041405555556 18.3473605555556 NA
49.5592155555556 18.3483544444444 21.3
49.7771416666667 17.5419463888889 17.5
49.7489586111111 18.6097258333333 32.7
49.7489586111111 18.6097258333333 39.5
49.6717911111111 18.3510702777778 36
49.5430488888889 18.2112177777778 21.4
49.7909775 18.4068355555556 46.5
49.8588905555556 18.5577775 30.7
49.8637961111111 18.5514525 44.5
49.5941925 18.7439652777778 27.8
49.8398475 18.2899761111111 42.5
49.8391875 18.2636891666667 43.5
49.8248597222222 18.2636547222222 45.7
49.8252944444444 18.159275 36.8
49.8562583333333 18.2697411111111 50.3
49.8070563888889 18.3391380555556 56.4
49.8185386111111 18.3403436111111 44.9
49.87566 18.4336072222222 41.2
49.9449883333333 17.9095305555556 30.9
49.7960394444444 18.2471808333333 54.7
49.7209358333333 18.0893058333333 38.1
49.9275666666667 18.3618469444444 47.1
49.6723786111111 18.6430377777778 22.5
49.6681136111111 18.6777991666667 29.6
49.9246788888889 18.4228725 60.4
50.4333344444444 12.6133327777778 NA
50.3563880555556 12.4805555555556 14.1
50.4927788888889 12.1444444444444 18.9
50.6594427777778 13.4666672222222 13.1
51.1558341666667 14.9738894444444 NA
50.8936119444444 14.8244438888889 23
50.9127808333333 15.31417 NA
50.9713897222222 14.9427794444444 NA
50.7330588888889 16.6488894444444 NA
50.8583297222222 15.7349997222222 NA
50.4333333333333 16.6533297222222 NA
50.4335213888889 16.6561394444444 NA
51.1511116666667 15.4316702777778 NA
50.5924988888889 16.82028 NA
51.1444397222222 15.0249997222222 NA
